-0.923630 0.923630 2.261655 2.735088 2.215729 1.000000 -0.333967 -1.194061 -1.243572 -0.548868 -0.548868
-0.923630 0.923630 2.261655 2.735088 2.215729 1.000000 -0.333967 -1.194061 -1.243572 -0.548868 -0.548868
-0.923630 0.923630 2.261655 2.735088 2.215729 1.000000 -0.333967 -1.194061 -1.243572 -0.548868 -0.548868
-0.923630 0.923630 2.261655 2.735088 2.215729 1.000000 -0.333967 -1.194061 -1.243572 -0.548868 -0.548868
-0.923630 0.923630 2.261655 2.735088 2.215729 1.000000 -0.333967 -1.194061 -1.243572 -0.548868 -0.548868
-0.923630 0.923630 2.261655 2.735088 2.215729 1.000000 -0.333967 -1.194061 -1.243572 -0.548868 -0.548868
-0.923630 0.923630 2.261655 2.735088 2.215729 1.000000 -0.333967 -1.194061 -1.243572 -0.548868 -0.548868
-0.923630 0.923630 2.261655 2.735088 2.215729 1.000000 -0.333967 -1.194061 -1.243572 -0.548868 -0.548868
-0.923630 0.923630 2.261655 2.735088 2.215729 1.000000 -0.333967 -1.194061 -1.243572 -0.548868 -0.548868
-0.923630 0.923630 2.261655 2.735088 2.215729 1.000000 -0.333967 -1.194061 -1.243572 -0.548868 -0.548868
-0.923630 0.923630 2.261655 2.735088 2.215729 1.000000 -0.333967 -1.194061 -1.243572 -0.548868 -0.548868
