0.0000000000000000 0.0000000000000000 0.0000000000000000 0.0000000000000000 0.0000000000000000 0.0000000000000000 0.0000000000000000 0.0000000000000000 0.0000000000000000 0.0000000000000000 0.0000000000000000 
0.0000000000000000 1.0972531710985121 1.7298230809391630 1.6863151079017245 1.0241933455927454 -0.0049728597773264 -1.0485845401117377 -1.7356207126618810 -1.7799988437732168 -1.1177909805003667 -0.0000000000000005 
0.0000000000000000 0.4586645881136687 0.6567529786290881 0.5820428492437079 0.3318630942997954 -0.0030517524808527 -0.3609762098119794 -0.6596853989818744 -0.7505635477442378 -0.5010189717150016 -0.0000000000000002 
0.0000000000000000 -0.3769803078254554 -0.6730702298922535 -0.7260420386606393 -0.4679752256737877 -0.0028879136233841 0.4469280784516372 0.6712223038303763 0.6051182795228787 0.3458143715208483 0.0000000000000001 
0.0000000000000000 -1.0642705949444982 -1.7467909588578989 -1.7643489300271638 -1.0961525908809642 -0.0030781867069102 1.0872645865948383 1.7455618407842168 1.7223955287971302 1.0533305971434244 0.0000000000000004 
0.0000000000000000 -1.3426358092931792 -2.1580063428938110 -2.1342767823914830 -1.3077784800836634 -0.0016683312987005 1.3181860386982740 2.1586622928201229 2.1752383629987087 1.3484755270564617 0.0000000000000006 
0.0000000000000000 -1.1142312188221795 -1.7498623679377034 -1.6830679754832099 -1.0114441926190727 0.0010547129380665 1.0446901503422621 1.7525616393132504 1.8045068787004992 1.1328883674193444 0.0000000000000005 
0.0000000000000000 -0.4655388247526645 -0.6731113570160570 -0.5835731321351224 -0.3246131526656980 0.0028598113002248 0.3686984763459243 0.6780635688251202 0.7542750685283811 0.4950587837927509 0.0000000000000002 
0.0000000000000000 0.3865449442136765 0.6683052187393538 0.7126499405725485 0.4582264716032618 0.0024116083302139 -0.4354231800257590 -0.6620380588593670 -0.6190686130225523 -0.3658346706680676 -0.0000000000000002 
0.0000000000000000 1.0712672703693211 1.7343022540591986 1.7360771478109045 1.0739248514320956 0.0010955490359131 -1.0700783066640298 -1.7305187334068430 -1.7298956827114360 -1.0689130002104550 -0.0000000000000004 
0.0000000000000000 0.0000000000000007 0.0000000000000011 0.0000000000000011 0.0000000000000007 0.0000000000000000 -0.0000000000000007 -0.0000000000000011 -0.0000000000000011 -0.0000000000000007 -0.0000000000000000 
