0.0000000000000000 0.0000000000000000 0.0000000000000000 0.0000000000000000 0.0000000000000000 0.0000000000000000 0.0000000000000000 0.0000000000000000 0.0000000000000000 0.0000000000000000 0.0000000000000000 
0.0000000000000000 0.0135573700514915 0.0218829955598708 0.0218146657656697 0.0134202321810275 -0.0000991257102658 -0.0136318702560221 -0.0220394371821109 -0.0220740998156339 -0.0136613716232976 -0.0000000000000000 
0.0000000000000000 0.0219342133284209 0.0353905943681244 0.0352626052076163 0.0216774319009896 -0.0001858239010157 -0.0220743703724682 -0.0356840488233162 -0.0357483416196999 -0.0221286981730210 -0.0000000000000000 
0.0000000000000000 0.0219262003315039 0.0353467921895345 0.0351779209318238 0.0215860990587545 -0.0002504412249696 -0.0221197242126936 -0.0357416462188601 -0.0358233592286489 -0.0221850702158018 -0.0000000000000000 
0.0000000000000000 0.0135346069595335 0.0217541200071002 0.0215648309272196 0.0131514398151128 -0.0002875591507407 -0.0137619343085690 -0.0222059364054761 -0.0222941926988691 -0.0138278391095894 -0.0000000000000000 
0.0000000000000000 -0.0000354318711157 -0.0002034366030895 -0.0003944215630712 -0.0004234840458830 -0.0002947572310792 -0.0002004726159967 -0.0002578923486830 -0.0003447712584065 -0.0002620252948302 -0.0000000000000000 
0.0000000000000000 -0.0136009021965623 -0.0221396437741641 -0.0223138605722572 -0.0139557677984826 -0.0002717792120227 0.0133815947896624 0.0217156421232261 0.0216380736744811 0.0133290537169832 0.0000000000000000 
0.0000000000000000 -0.0219815589391819 -0.0356711979356043 -0.0358090253721566 -0.0222641597882872 -0.0002217910245386 0.0217974249786963 0.0353261583884607 0.0352682009174214 0.0217632629226418 0.0000000000000000 
0.0000000000000000 -0.0219775788431140 -0.0356226340298549 -0.0357076932068150 -0.0221563874864961 -0.0001528401877745 0.0218387219797935 0.0353860124157050 0.0353573275162409 0.0218335263812914 0.0000000000000000 
0.0000000000000000 -0.0135861013956877 -0.0220028450447101 -0.0220339765208347 -0.0136571464755341 -0.0000759776538678 0.0135037327012361 0.0218861470638982 0.0218838340491065 0.0135206845809034 0.0000000000000000 
0.0000000000000000 -0.0000000000000000 -0.0000000000000000 -0.0000000000000000 -0.0000000000000000 -0.0000000000000000 0.0000000000000000 0.0000000000000000 0.0000000000000000 0.0000000000000000 0.0000000000000000 
